1000 0.00 0.01
1010 0.00 0.00
1020 0.00 0.00
1030 0.00 0.00
1040 0.00 0.00
1050 0.00 0.01
1060 0.00 0.01
1070 0.00 0.01
1080 0.00 0.01
1090 0.00 0.01
1100 0.00 0.01
1110 0.00 0.01
1120 0.00 0.01
1130 0.00 0.01
1140 0.00 0.01
1150 0.00 0.01
1160 0.00 0.01
1170 0.00 0.01
1180 0.00 0.01
1190 0.00 0.01
1200 0.00 0.01
1210 0.00 0.01
1220 0.00 0.01
1230 0.00 0.01
1240 0.00 0.01
1250 0.00 0.01
1260 0.00 0.01
1270 0.00 0.01
1280 0.00 0.01
1290 0.00 0.01
1300 0.00 0.01
1310 0.00 0.01
1320 0.00 0.01
1330 0.00 0.01
1340 0.00 0.01
1350 0.00 0.01
1360 0.00 0.01
1370 0.00 0.01
1380 0.00 0.01
1390 0.00 0.01
1400 0.00 0.01
1410 0.00 0.01
1420 0.00 0.01
1430 0.00 0.01
1440 0.00 0.01
1450 0.00 0.01
1460 0.00 0.01
1470 0.00 0.01
1480 0.00 0.01
1490 0.00 0.01
1500 0.00 0.01
1510 0.00 0.01
1520 0.00 0.01
1530 0.00 0.01
1540 0.00 0.01
1550 0.00 0.01
1560 0.00 0.01
1570 0.00 0.01
1580 0.00 0.01
1590 0.00 0.01
1600 0.00 0.01
1610 0.00 0.01
1620 0.00 0.01
1630 0.00 0.01
1640 0.00 0.01
1650 0.00 0.01
1660 0.00 0.01
1670 0.00 0.01
1680 0.00 0.01
1690 0.00 0.03
1700 0.00 0.02
1710 0.00 0.02
1720 0.00 0.02
1730 0.00 0.01
1740 0.00 0.02
1750 0.00 0.01
1760 0.00 0.01
1770 0.00 0.01
1780 0.00 0.01
1790 0.00 0.01
1800 0.00 0.01
1810 0.00 0.01
1820 0.00 0.01
1830 0.00 0.02
1840 0.00 0.03
1850 0.00 0.03
1860 0.00 0.03
1870 0.00 0.02
1880 0.00 0.02
1890 0.00 0.03
1900 0.00 0.03
1910 0.00 0.03
1920 0.00 0.02
1930 0.00 0.02
1940 0.00 0.02
1950 0.00 0.02
1960 0.00 0.02
1970 0.00 0.02
1980 0.00 0.02
1990 0.00 0.02
2000 0.00 0.02
2010 0.00 0.02
2020 0.00 0.02
2030 0.00 0.02
2040 0.00 0.02
2050 0.00 0.02
2060 0.00 0.02
2070 0.00 0.02
2080 0.00 0.02
2090 0.00 0.02
2100 0.00 0.02
2110 0.00 0.02
2120 0.00 0.02
2130 0.00 0.02
2140 0.00 0.02
2150 0.00 0.02
2160 0.00 0.02
2170 0.00 0.03
2180 0.00 0.03
2190 0.00 0.02
2200 0.00 0.02
2210 0.00 0.02
2220 0.00 0.02
2230 0.00 0.02
2240 0.00 0.02
2250 0.00 0.02
2260 0.00 0.02
2270 0.00 0.02
2280 0.00 0.02
2290 0.00 0.02
2300 0.00 0.02
2310 0.00 0.02
2320 0.00 0.02
2330 0.00 0.02
2340 0.00 0.03
2350 0.00 0.03
2360 0.00 0.03
2370 0.00 0.03
2380 0.00 0.03
2390 0.00 0.03
2400 0.00 0.03
2410 0.00 0.03
2420 0.00 0.03
2430 0.00 0.03
2440 0.00 0.04
2450 0.00 0.06
2460 0.00 0.04
2470 0.00 0.03
2480 0.00 0.03
2490 0.00 0.03
2500 0.00 0.03
2510 0.00 0.03
2520 0.00 0.03
2530 0.00 0.03
2540 0.00 0.03
2550 0.00 0.03
2560 0.00 0.03
2570 0.00 0.03
2580 0.00 0.03
2590 0.00 0.03
2600 0.00 0.03
2610 0.00 0.03
2620 0.00 0.03
2630 0.00 0.03
2640 0.00 0.03
2650 0.00 0.03
2660 0.00 0.03
2670 0.00 0.03
2680 0.00 0.04
2690 0.00 0.04
2700 0.00 0.03
2710 0.00 0.03
2720 0.00 0.04
2730 0.00 0.04
2740 0.00 0.03
2750 0.00 0.03
2760 0.00 0.03
2770 0.00 0.04
2780 0.00 0.03
2790 0.00 0.04
2800 0.00 0.04
2810 0.00 0.03
2820 0.00 0.04
2830 0.00 0.04
2840 0.00 0.04
2850 0.00 0.04
2860 0.00 0.04
2870 0.00 0.04
2880 0.00 0.04
2890 0.00 0.05
2900 0.00 0.04
2910 0.00 0.04
2920 0.00 0.04
2930 0.00 0.04
2940 0.00 0.04
2950 0.00 0.04
2960 0.00 0.04
2970 0.00 0.04
2980 0.00 0.05
2990 0.00 0.06
3000 0.00 0.05
