1000 0.00154 0.03153
1100 0.00077 0.00592
1200 0.00121 0.01750
1300 0.00057 0.01771
1400 0.00058 0.01092
1500 0.00083 0.01266
1600 0.00056 0.01261
1700 0.00059 0.01754
1800 0.00343 0.08750
1900 0.00060 0.02428
2000 0.00087 0.01941
2100 0.00060 0.01887
2200 0.00099 0.02198
2300 0.00063 0.02532
2400 0.00068 0.02492
2500 0.00174 0.03242
2600 0.00071 0.03439
2700 0.00117 0.03336
2800 0.00088 0.03508
2900 0.00079 0.03717
3000 0.00073 0.03869
3100 0.00075 0.04164
3200 0.00079 0.04693
3300 0.00077 0.04847
3400 0.00108 0.06058
3500 0.00085 0.05708
3600 0.00082 0.06544
3700 0.00088 0.10380
3800 0.00127 0.07684
3900 0.00097 0.08959
4000 0.00087 0.06723
4100 0.00180 0.08896
4200 0.00144 0.10052
4300 0.00116 0.10313
4400 0.00098 0.08559
4500 0.00100 0.09986
4600 0.00101 0.10459
4700 0.00120 0.12675
4800 0.00153 0.11917
4900 0.00104 0.10471
5000 0.00127 0.11487
5100 0.00123 0.13605
5200 0.00151 0.13192
5300 0.00115 0.18339
5400 0.00205 0.15207
5500 0.00238 0.13803
5600 0.00154 0.12508
5700 0.00125 0.17656
5800 0.00126 0.15900
5900 0.00268 0.15799
6000 0.00131 0.20151
6100 0.00218 0.21220
6200 0.00253 0.18450
6300 0.00156 0.23917
6400 0.00140 0.22879
6500 0.00163 0.24555
6600 0.00157 0.21526
6700 0.00266 0.28225
6800 0.00194 0.30880
6900 0.00186 0.28685
7000 0.00192 0.28089
7100 0.00187 0.24738
7200 0.00183 0.30011
7300 0.00144 0.29814
7400 0.00181 0.30911
7500 0.00208 0.31265
7600 0.00156 0.26273
7700 0.00188 0.41069
7800 0.00201 0.40649
7900 0.00169 0.40054
8000 0.00183 0.35143
8100 0.00213 0.40907
8200 0.00262 0.45565
8300 0.00241 0.43624
8400 0.00236 0.43397
8500 0.00277 0.48239
8600 0.00173 0.52090
8700 0.00210 0.47419
8800 0.00252 0.43876
8900 0.00266 0.43398
9000 0.00229 0.46193
9100 0.00249 0.47197
9200 0.00254 0.51070
9300 0.00247 0.56482
9400 0.00269 0.59238
9500 0.00279 0.51560
9600 0.00211 0.61967
9700 0.00292 0.45248
9800 0.00245 0.65775
9900 0.00306 0.71867
10000 0.00233 0.63133
10100 0.00252 0.66847
10200 0.00321 0.61289
10300 0.00263 0.59694
10400 0.00366 0.66891
10500 0.00325 0.79461
10600 0.00275 0.72961
10700 0.00266 0.72663
10800 0.00301 0.50881
10900 0.00259 0.72027
11000 0.00301 0.74543
11100 0.00369 0.78456
11200 0.00380 0.68491
11300 0.00343 0.80903
11400 0.00342 0.71408
11500 0.00292 0.89269
11600 0.00316 0.76704
11700 0.00272 0.76339
11800 0.00264 0.66837
11900 0.00345 0.90759
12000 0.00374 0.91913
12100 0.00329 0.84128
12200 0.00422 0.79799
12300 0.00299 0.84993
12400 0.00304 1.15791
12500 0.00418 0.93205
12600 0.00323 0.94034
12700 0.00364 0.90720
12800 0.00298 0.91479
12900 0.00443 0.86803
13000 0.00372 0.98919
13100 0.00401 1.12182
13200 0.00410 1.07831
13300 0.00326 0.98003
13400 0.00343 1.09200
13500 0.00416 1.23452
13600 0.00435 1.00497
13700 0.00480 1.15849
13800 0.00376 1.10778
13900 0.00527 1.22038
14000 0.00454 1.38565
14100 0.00353 1.33238
14200 0.00409 1.27306
14300 0.00429 1.20367
14400 0.00458 1.28716
14500 0.00484 1.16286
14600 0.00467 1.16892
14700 0.00411 1.06884
14800 0.00387 1.37780
14900 0.00493 1.33188
15000 0.00376 1.33183
15100 0.00461 1.41815
15200 0.00478 1.48287
15300 0.00421 1.39561
15400 0.00430 1.23513
15500 0.00414 1.46757
15600 0.00468 1.65113
15700 0.00478 1.53130
15800 0.00518 1.59567
15900 0.00536 1.81468
16000 0.00546 1.45935
16100 0.00536 1.66872
16200 0.00518 1.52556
16300 0.00443 1.59064
16400 0.00544 1.53214
16500 0.00425 1.62233
16600 0.00679 1.64404
16700 0.00586 1.65229
16800 0.00531 1.45923
16900 0.00483 1.62638
17000 0.00561 1.65524
17100 0.00537 1.76345
17200 0.00645 1.62197
17300 0.00699 1.89574
17400 0.00471 1.73741
17500 0.00542 1.58722
17600 0.00639 2.07644
17700 0.00652 1.86839
17800 0.00468 1.67383
17900 0.00581 2.14182
18000 0.00484 1.80229
18100 0.00493 2.02262
18200 0.00526 2.03072
18300 0.00719 2.18233
18400 0.00579 2.03641
18500 0.00606 1.91728
18600 0.00754 2.16472
18700 0.00832 2.07728
18800 0.00670 2.39179
18900 0.00843 2.57201
19000 0.00837 2.38671
19100 0.00699 2.29850
19200 0.00681 2.36821
19300 0.00732 2.09318
19400 0.00627 2.17639
19500 0.00927 2.25997
19600 0.00580 2.03860
19700 0.00561 2.28207
19800 0.00904 2.12474
19900 0.00628 2.01470
20000 0.00576 2.25136
20100 0.00791 2.31584
20200 0.00604 2.22154
20300 0.00708 2.50871
20400 0.00685 2.47217
20500 0.00737 2.82104
20600 0.00748 2.82831
20700 0.00812 2.37651
20800 0.00657 2.74434
20900 0.01074 2.27330
21000 0.00746 2.61763
21100 0.00757 3.00815
21200 0.00796 2.78957
21300 0.00727 2.23710
21400 0.00621 2.42904
21500 0.00966 2.65793
21600 0.00698 2.63429
21700 0.00891 2.90852
21800 0.00792 2.85013
21900 0.00782 2.71198
22000 0.00610 3.58780
22100 0.00472 1.63688
22200 0.00691 2.67999
22300 0.00817 2.50148
22400 0.00801 2.28657
22500 0.01138 2.41997
22600 0.00719 2.57906
22700 0.00859 2.52919
22800 0.00724 2.62445
22900 0.00772 2.58369
23000 0.01444 2.36127
23100 0.00737 2.45385
23200 0.00798 2.67719
23300 0.00971 2.53661
23400 0.00909 2.60600
23500 0.01150 2.48381
23600 0.00817 2.68336
23700 0.00844 2.48750
23800 0.00996 2.92194
23900 0.00831 2.74499
24000 0.00798 2.65855
24100 0.00838 2.66560
24200 0.00801 2.71380
24300 0.00782 2.87229
24400 0.00882 2.97956
24500 0.00893 2.91969
24600 0.00811 2.64248
24700 0.00894 2.64122
24800 0.01180 2.64612
24900 0.00874 2.84473
25000 0.00900 2.88181
25100 0.00869 3.04211
25200 0.00824 2.82593
25300 0.00943 3.00560
25400 0.00872 3.13863
25500 0.00972 3.07403
25600 0.00862 3.06715
25700 0.00887 2.91717
25800 0.00891 3.22261
25900 0.00904 3.13416
26000 0.00970 3.32474
26100 0.00983 3.03818
26200 0.00936 3.04653
26300 0.00916 3.15910
26400 0.00944 3.13411
26500 0.00885 3.10409
26600 0.01014 3.21353
26700 0.01072 3.48877
26800 0.00949 3.26620
26900 0.01016 3.34289
27000 0.01209 3.28662
27100 0.01109 3.59262
27200 0.00951 3.37614
27300 0.01208 3.64275
27400 0.01173 3.35237
27500 0.00959 3.35220
27600 0.01317 3.39991
27700 0.01044 3.35283
27800 0.01205 3.48744
27900 0.00971 3.52892
28000 0.01471 3.49770
28100 0.01053 3.64294
28200 0.01051 3.56070
28300 0.01029 3.57134
28400 0.01029 3.77928
28500 0.01308 3.89084
28600 0.01048 3.96203
28700 0.01043 4.14499
28800 0.01162 3.93558
28900 0.01624 4.10197
29000 0.01330 4.17440
29100 0.01449 3.91527
29200 0.01196 4.14874
29300 0.01118 4.02156
29400 0.01226 3.99821
29500 0.01171 3.79070
29600 0.01329 3.64681
29700 0.01536 4.40275
29800 0.01226 4.53550
29900 0.01450 4.17247
30000 0.01146 4.25889
30100 0.01152 4.15770
30200 0.01157 4.13708
30300 0.01362 4.41314
30400 0.01192 4.06991
30500 0.01510 4.22630
30600 0.01236 4.38842
30700 0.01989 4.42441
30800 0.01229 4.14370
30900 0.01174 4.72375
31000 0.01256 4.20372
31100 0.01191 4.66668
31200 0.01248 4.39574
31300 0.01263 4.63323
31400 0.01315 4.75794
31500 0.01357 4.35774
31600 0.01433 4.48021
31700 0.01316 4.73096
31800 0.01636 4.83396
31900 0.01685 5.15020
32000 0.01265 4.86175
32100 0.01370 4.82939
32200 0.01276 4.76316
32300 0.00845 4.99544
32400 0.01396 4.28987
32500 0.01427 4.87473
32600 0.01408 4.91764
32700 0.01356 4.87077
32800 0.01934 5.85765
32900 0.02140 5.01468
33000 0.01524 5.16861
33100 0.01628 4.99175
33200 0.02143 4.96378
33300 0.01404 4.95414
33400 0.01519 5.11464
33500 0.01537 5.49648
33600 0.01612 6.12446
33700 0.01399 5.69308
33800 0.01467 5.25904
33900 0.01562 5.49957
34000 0.01435 5.28087
34100 0.01532 5.20498
34200 0.01493 5.70176
34300 0.01719 5.35322
34400 0.01672 5.55312
34500 0.01535 5.43957
34600 0.02199 5.65373
34700 0.01608 5.97287
34800 0.01827 5.82329
34900 0.02070 5.69254
35000 0.01725 5.91755
35100 0.01814 6.45822
35200 0.01600 6.62536
35300 0.01737 5.95306
35400 0.01920 6.69529
35500 0.01644 5.90368
35600 0.02014 5.80655
35700 0.01716 5.82267
35800 0.01796 5.49130
35900 0.01611 5.99397
36000 0.01666 6.01805
36100 0.01816 5.89660
36200 0.02016 6.10233
36300 0.01635 5.97491
36400 0.01686 5.82651
36500 0.02138 6.54566
36600 0.01770 6.27362
36700 0.01759 6.33508
36800 0.01759 6.68628
36900 0.01597 6.51331
37000 0.01833 6.84020
37100 0.01987 6.77602
37200 0.01789 6.82858
37300 0.01906 6.58530
37400 0.02096 6.49970
37500 0.01868 7.47243
37600 0.01928 6.52032
37700 0.02063 6.73769
37800 0.01717 6.80561
37900 0.02354 6.31204
38000 0.02078 6.74641
38100 0.01841 7.02239
38200 0.01983 6.35111
38300 0.01916 6.93740
38400 0.02489 6.55197
38500 0.02363 6.75235
38600 0.01962 6.48868
38700 0.01981 7.09358
38800 0.02305 7.45602
38900 0.01868 6.90420
39000 0.02223 7.06377
39100 0.01860 7.44588
39200 0.02125 7.20356
39300 0.02185 7.14693
39400 0.02364 7.41141
39500 0.02244 7.14116
39600 0.02066 7.29568
39700 0.01977 7.54358
39800 0.02053 7.56756
39900 0.02192 7.92978
40000 0.02237 7.87739
40100 0.02357 8.84716
40200 0.02992 7.79150
40300 0.02584 8.49923
40400 0.02295 8.51323
40500 0.02477 7.58105
40600 0.02416 8.02778
40700 0.02021 7.52436
40800 0.02332 8.32314
40900 0.02182 7.61424
41000 0.02355 7.65972
41100 0.02462 7.53200
41200 0.02194 7.98116
41300 0.02042 7.84551
41400 0.02337 8.78751
41500 0.02024 9.00910
41600 0.02087 7.85178
41700 0.02249 8.31147
41800 0.02245 7.73347
41900 0.02111 8.17367
42000 0.02313 8.29675
42100 0.02207 8.75405
42200 0.04035 8.98694
42300 0.02373 13.77056
42400 0.02283 14.03391
42500 0.02534 15.57506
42600 0.02364 14.50758
42700 0.02344 12.87727
42800 0.04609 14.47007
42900 0.02715 15.32619
43000 0.02387 15.69139
43100 0.05047 13.58742
43200 0.02371 15.36848
43300 0.03214 15.07390
43400 0.04469 13.25903
43500 0.04487 14.48612
43600 0.02412 15.68976
43700 0.02479 14.50279
43800 0.02482 15.24428
43900 0.02470 16.35689
44000 0.02488 12.08387
44100 0.03003 15.82722
44200 0.02702 16.49983
44300 0.02552 15.52695
44400 0.02493 16.38449
44500 0.02583 14.23853
44600 0.04304 14.08974
44700 0.03535 16.73404
44800 0.05066 17.42693
44900 0.02596 21.90277
45000 0.02816 15.18916
45100 0.02554 15.55579
45200 0.04506 17.49082
45300 0.02595 16.58771
45400 0.02605 15.62630
45500 0.02879 15.80859
45600 0.02422 11.29665
45700 0.02434 11.34983
45800 0.02676 13.18628
45900 0.02589 13.17294
46000 0.02482 12.65353
46100 0.02651 12.99361
46200 0.02687 11.91996
46300 0.02746 16.14777
46400 0.02486 13.00013
46500 0.02738 13.59758
46600 0.02497 12.08754
46700 0.02509 13.58939
46800 0.02593 12.51482
46900 0.02508 14.36621
47000 0.02558 12.67812
47100 0.02572 13.72130
47200 0.02605 14.28905
47300 0.02814 14.14979
47400 0.02796 14.44727
47500 0.02689 13.95279
47600 0.02858 14.14580
47700 0.02861 16.60269
47800 0.02635 14.83595
47900 0.03061 16.48802
48000 0.02875 14.68101
48100 0.02910 15.98652
48200 0.02656 15.40390
48300 0.02671 15.26328
48400 0.02924 15.83804
48500 0.03376 14.63257
48600 0.02895 14.79938
48700 0.02741 15.81870
48800 0.02999 15.33913
48900 0.03001 15.89991
49000 0.02782 17.50601
49100 0.02959 15.86456
49200 0.03042 16.24209
49300 0.03250 18.04043
49400 0.02816 15.92637
49500 0.03046 14.54722
49600 0.02793 14.75002
49700 0.02874 12.79166
49800 0.03038 15.99454
49900 0.06714 16.58757
50000 0.02910 17.50296
